id,ip_address,created_by,comment,added_at,unblocked_at
1,203.76.70.26,7,Although center magazine gas.,2025-04-12T02:29:00.569015,2025-04-12T20:54:00.569015
2,b7c:d2dd:f0cf:5f24:b5ff:d435:2aa2:eb4a,8,Evidence dream process speech adult water start page.,2025-03-11T19:46:58.746584,2025-03-12T16:37:58.746584
3,240:8695:8ac8:dd63:6817:68b1:1556:3de0,4,Board family seek significant show administration I.,2025-01-19T18:20:04.226317,2025-01-20T11:16:04.226317
4,57.239.125.173,2,Explain type wife herself.,2025-03-23T08:49:05.688026,2025-03-23T22:22:05.688026
5,ce41:9585:e5d:8f89:dcb9:f439:4fb0:55db,8,Big evidence rather difference government although person.,2025-04-24T01:06:20.139362,2025-04-24T16:15:20.139362
6,70.253.254.235,3,Sing bit well no assume spring.,2025-05-28T01:44:29.301935,2025-05-28T18:27:29.301935
7,95.146.102.203,9,Which southern onto particularly close.,2025-05-23T19:31:17.083971,2025-05-24T12:01:17.083971
8,35.8.209.30,3,International mind be.,2025-06-03T03:58:56.349531,2025-06-04T01:48:56.349531
9,129.87.84.232,7,Air past opportunity race.,2025-03-04T05:13:49.250677,2025-03-04T15:14:49.250677
10,41.28.166.213,4,Focus operation any claim.,2025-02-07T22:28:51.585167,2025-02-08T20:06:51.585167
11,cc9d:dd45:f0d1:538e:3d15:1fd3:d388:e12f,10,Foot list question certainly well.,2025-02-13T05:05:22.556366,2025-02-13T16:19:22.556366
12,30ce:fec3:b917:5e29:8be3:4957:b27d:5ef6,6,Fill local part road.,2025-04-26T19:19:41.461943,2025-04-27T02:13:41.461943
13,9226:4353:905a:cc17:51cb:9e5e:8035:514d,1,Tonight president even kid tax.,2025-03-11T12:16:42.692017,2025-03-12T11:41:42.692017
14,193.174.150.35,3,Organization air house or source.,2025-06-07T17:28:46.393630,2025-06-08T04:32:46.393630
15,191.130.218.114,1,Time behind information easy report appear.,2025-03-29T00:03:26.267436,2025-03-29T20:57:26.267436
